-------------------------- A ----------------------------------------------
0,  0,  0,  0,       0,  0,  0,  0,       0,  0,  0,  0,      0,  0,  0,  0
0,  0,  5,  0,       0,  0,  0,  5,       3,  0,  0,  0,      0,  0,  0,  0
0,  0,  0,  0,       4,  0,  0, 10,       6,  0,  0,  0,      0,  0,  0,  0
0,  0,  0,  0,       0,  7,  0,  0,       0,  0,  0,  6,      0,  0,  0,  0

6,  0,  0,  0,       0,  0,  0,  0,       0,  0,  0,  0,      0,  0,  0,  0
0,  0,  0,  0,       0,  0,  0,  0,       0,  0,  0,  0,      0,  0,  0,  0
0,  0,  0, 10,       0,  0,  0,  0,       0,  0,  0,  0,      0,  0,  0,  0
0,  0,  0,  5,       0,  0,  0,  8,       0,  4,  0,  0,      0,  0,  0,  0

0,  0,  0,  0,       0,  0,  0,  0,       0,  0,  0,  0,      0,  0,  0,  0
0,  0,  0,  0,       0,  5,  0,  5,       0,  0,  0,  0,      0,  0,  0,  0
0,  0,  0,  0,       0,  0,  0,  0,       0,  0,  0,  0,      0,  0,  0,  0
0,  0,  0,  0,       0,  0,  0,  0,       8,  0,  0,  0,      0,  0,  0,  0

1,  0,  0,  0,       0,  0,  0,  0,       0,  0,  0,  3,      0,  0,  0,  4
0,  5,  0,  0,       0,  0,  0,  0,       0,  0,  0,  0,      0,  0,  0,  0
0,  0,  0,  0,       0,  0,  0,  1,       0,  0,  0,  0,      0,  0,  0,  0
0,  0,  0,  0,       0,  0,  0,  0,       0,  0,  0,  2,      0,  0,  0,  0

-------------------------- A - COO format -------------------------------
rows : 
1,  1,  1,  2,  2,  2,  3,  3,  4,  6,  7,  7,  7,  9,  9, 11, 12, 12, 12, 13, 14, 15

columns : 
2,  7,  8,  4,  7,  8,  5, 11,  0,  3,  3,  7,  9,  5,  7,  8,  0, 11, 15,  1,  7, 11

values : 
5,  5,  3,  4, 10,  6,  7,  6,  6, 10,  5,  8,  4,  5,  5,  8,  1, 3,  4,  5,  1,  2

----------------X-------------------
57, 93, 48, 63,      86, 34, 25, 59,
33, 36, 40, 53,      40, 36, 68, 79, 
90, 83, 57, 60,      86, 47, 44, 48, 
77, 21, 10, 85,      90, 13, 12, 29, 

22, 75, 85, 91,      24, 81, 70, 56, 
38, 91, 97, 23,      22, 79, 41, 99, 
94, 55, 26, 51,      82, 66, 80, 66, 
96, 54, 93, 57,      59, 28, 95, 56, 

47, 48, 17, 77,      15, 57, 57, 25, 
44, 20, 38, 14,      92, 99, 65, 88, 
33, 60, 72, 65,      94, 10, 43, 31, 
81, 78, 91, 62,      74, 95, 51, 11,

24, 13, 40, 22,      83, 29, 36, 78, 
74, 32, 66, 94,      18, 54, 34, 25, 
82, 12, 26, 12,      89, 77, 56, 67, 
65, 46, 98, 43,      52, 12, 97, 94

---------------------------- A @ X ------------------------------------------
   0,    0,    0,    0,         0,    0,    0,    0,
1071,  829,  801,  816,       770,  546,  866,  595,
1330, 1128, 1372, 1396,       776,  946, 1572,  934,
 752, 1105, 1225,  533,       598, 1123,  593,  759,

 342,  558,  288,  378,       516,  204,  150,  354,
   0,    0,    0,    0,         0,    0,    0,    0,
 770,  210,  100,  850,       900,  130,  120,  290,
1329,  617,  946,  937,      1290,  685, 1080,  945,

   0,    0,    0,    0,         0,    0,    0,    0,
 670,  725,  950,  400,       405,  535,  680,  775,
   0,    0,    0,    0,         0,    0,    0,    0,
 376,  384,  136,  616,       120,  456,  456,  200,

 560,  511,  713,  421,       516,  367,  566,  468,
 165,  180,  200,  265,       200,  180,  340,  395,
  96,   54,   93,   57,        59,   28,   95,   56,
 162,  156,  182,  124,       148,  190,  102,   22