----------------X-------------------
57, 93, 48, 63,      86, 34, 25, 59,
33, 36, 40, 53,      40, 36, 68, 79, 
90, 83, 57, 60,      86, 47, 44, 48, 
77, 21, 10, 85,      90, 13, 12, 29, 

22, 75, 85, 91,      24, 81, 70, 56, 
38, 91, 97, 23,      22, 79, 41, 99, 
94, 55, 26, 51,      82, 66, 80, 66, 
96, 54, 93, 57,      59, 28, 95, 56, 

47, 48, 17, 77,      15, 57, 57, 25, 
44, 20, 38, 14,      92, 99, 65, 88, 
33, 60, 72, 65,      94, 10, 43, 31, 
81, 78, 91, 62,      74, 95, 51, 11,

24, 13, 40, 22,      83, 29, 36, 78, 
74, 32, 66, 94,      18, 54, 34, 25, 
82, 12, 26, 12,      89, 77, 56, 67, 
65, 46, 98, 43,      52, 12, 97, 94


---------------W-------------------
76, 27, 93, 67,     96, 57, 83, 42,      56, 35, 93, 88, 
46, 90, 78, 59,     65, 77, 12, 94,      49, 76, 94, 57, 
71, 58, 17, 62,     95, 37, 44, 86,      50, 13, 79, 74, 
85, 44, 68, 20,     32, 87, 28, 25,      37, 40, 62, 80, 

36, 90, 16, 24,     85, 64, 81, 11,      53, 68, 65, 35, 
60, 94, 66, 59,     22, 28, 91, 11,      61, 54, 58, 66, 
59, 96, 13, 77,     21, 31, 99, 13,      21, 13, 16, 19, 
97, 24, 93, 80,     22, 64, 37, 48,      27, 71, 84, 75

--------------axw ----------
29707, 30217, 27087, 24257,      27974, 28674, 24441, 21316,        21230, 24405, 34659, 29063, 
26784, 24191, 21408, 22515,      18362, 21476, 22586, 15047,        15450, 17688, 25311, 23149, 
32973, 33380, 29407, 27726,      31694, 30106, 30029, 22323,        23822, 24965, 37447, 32217, 
22294, 19459, 19900, 14889,      21253, 22123, 20197, 10874,        15584, 16858, 24427, 21924,

34178, 34116, 27377, 28214,      24498, 27649, 27331, 22312,        21719, 22107, 33535, 31497, 
33470, 31572, 29151, 30655,      26161, 25990, 25851, 25463,        21807, 23751, 36161, 31737, 
33889, 34088, 29788, 29477,      28255, 28792, 34044, 18465,        22980, 24714, 35110, 31107, 
36069, 33760, 27832, 31387,      32243, 29119, 33108, 23411,        23123, 21688, 36568, 32886, 

23280, 22743, 20708, 18687,      15987, 19626, 20351, 12606,        14827, 15208, 22293, 21535,
29775, 31746, 24285, 26858,      22881, 22979, 32108, 14516,        20518, 22809, 29996, 26533, 
25433, 27599, 18999, 20152,      25783, 24433, 22375, 18034,        18125, 18943, 28409, 23944, 
33915, 37963, 28520, 29099,      33168, 29065, 33494, 23160,        26287, 24032, 37958, 33922,

21550, 20630, 16386, 18010,      17818, 17995, 20336, 11664,        13825, 16444, 22183, 18926, 
28091, 23402, 23511, 21054,      22444, 22620, 22725, 16576,        18127, 15997, 27878, 27455, 
27277, 27562, 23285, 24405,      23415, 21480, 30669, 12878,        19323, 20295, 28327, 25070,
35102, 30847, 25850, 30950,      28705, 27301, 29848, 23034,        20448, 20884, 34301, 30539
